1341846647.866652 1341846648.906165 1341846647.865300 1341846648.906600 0.095158 0.034444
1341846647.901972 1341846648.906165 1341846647.905400 1341846648.906600 0.091047 0.032922
1341846647.970225 1341846649.006157 1341846647.965700 1341846649.005300 0.054772 0.016350
1341846648.034343 1341846649.006157 1341846648.035300 1341846649.005300 0.054267 0.019443
1341846648.170568 1341846649.106188 1341846648.175400 1341846649.105300 0.030775 0.012009
1341846648.270152 1341846649.248048 1341846648.265400 1341846649.245400 0.029477 0.015242
1341846648.370216 1341846649.416053 1341846648.365300 1341846649.415400 0.046670 0.014738
1341846648.570179 1341846649.710937 1341846648.565300 1341846649.715400 0.032239 0.014549
1341846648.906165 1341846649.914184 1341846648.906600 1341846649.915400 0.050934 0.014864
1341846649.006157 1341846650.046184 1341846649.005300 1341846650.045400 0.005571 0.005025
1341846649.106188 1341846650.146137 1341846649.105300 1341846650.145400 0.033880 0.014808
1341846649.248048 1341846650.282167 1341846649.245400 1341846650.285300 0.032424 0.011037
1341846649.416053 1341846650.450353 1341846649.415400 1341846650.455300 0.044769 0.025020
1341846649.710937 1341846650.650422 1341846649.715400 1341846650.655300 0.010792 0.012760
1341846649.810257 1341846650.886238 1341846649.805300 1341846650.885300 0.022286 0.027101
1341846649.914184 1341846650.886238 1341846649.915400 1341846650.885300 0.038266 0.022016
1341846650.046184 1341846651.118423 1341846650.045400 1341846651.115300 0.049528 0.018058
1341846650.146137 1341846651.118423 1341846650.145400 1341846651.115300 0.050116 0.019928
1341846650.282167 1341846651.286406 1341846650.285300 1341846651.285300 0.059307 0.018899
1341846650.450353 1341846651.492135 1341846650.455300 1341846651.495300 0.064079 0.029469
1341846650.650422 1341846651.654223 1341846650.655300 1341846651.655300 0.091787 0.030958
1341846650.886238 1341846651.890237 1341846650.885300 1341846651.885400 0.178593 0.045173
1341846651.118423 1341846652.158232 1341846651.115300 1341846652.157000 0.352775 0.116817
1341846651.286406 1341846652.290189 1341846651.285300 1341846652.286400 0.490071 0.169974
1341846651.492135 1341846652.458277 1341846651.495300 1341846652.455400 0.536866 0.200463
1341846651.654223 1341846652.662152 1341846651.655300 1341846652.666100 0.513992 0.173614
1341846651.790200 1341846652.794152 1341846651.785300 1341846652.795300 0.539825 0.183884
1341846651.890237 1341846652.894426 1341846651.885400 1341846652.895400 0.559346 0.195429
1341846652.022081 1341846653.030292 1341846652.025300 1341846653.025400 0.547883 0.198463
1341846652.158232 1341846653.162620 1341846652.157000 1341846653.165300 0.529744 0.180554
1341846652.225981 1341846653.230042 1341846652.225300 1341846653.225300 0.505240 0.174780
1341846652.290189 1341846653.298380 1341846652.286400 1341846653.295300 0.488396 0.155345
1341846652.326148 1341846653.330162 1341846652.325400 1341846653.325200 0.475880 0.152618
1341846652.394279 1341846653.398226 1341846652.395300 1341846653.396700 0.504891 0.152054
1341846652.458277 1341846653.466341 1341846652.455400 1341846653.465300 0.554135 0.171316
1341846652.526469 1341846653.530205 1341846652.525400 1341846653.525300 0.588670 0.175745
1341846652.562089 1341846653.566601 1341846652.565300 1341846653.565300 0.607042 0.188389
1341846652.594254 1341846653.598213 1341846652.595400 1341846653.595300 0.593078 0.182012
1341846652.626356 1341846653.634793 1341846652.625300 1341846653.635300 0.587213 0.176681
1341846652.662152 1341846653.666143 1341846652.666100 1341846653.665300 0.631023 0.201373
1341846652.694113 1341846653.666143 1341846652.695300 1341846653.665300 0.604001 0.191396
1341846652.726378 1341846653.734313 1341846652.725300 1341846653.735300 0.567174 0.178424
1341846652.762129 1341846653.766275 1341846652.765300 1341846653.765300 0.541932 0.179580
1341846652.794152 1341846653.802358 1341846652.795300 1341846653.805300 0.530221 0.174714
1341846652.830250 1341846653.802358 1341846652.825400 1341846653.805300 0.511446 0.166059
1341846652.862014 1341846653.866214 1341846652.865400 1341846653.865300 0.484821 0.154301
1341846652.894426 1341846653.902170 1341846652.895400 1341846653.905400 0.472027 0.150581
1341846652.930346 1341846653.934160 1341846652.925400 1341846653.935400 0.440522 0.137971
1341846652.962213 1341846653.966155 1341846652.965300 1341846653.965400 0.426359 0.132618
1341846653.030292 1341846654.034140 1341846653.025400 1341846654.035300 0.390598 0.116873
1341846653.062672 1341846654.070172 1341846653.065500 1341846654.065300 0.345474 0.102117
1341846653.099024 1341846654.102438 1341846653.095400 1341846654.105300 0.319751 0.098696
1341846653.130475 1341846654.134349 1341846653.135300 1341846654.135400 0.300364 0.096477
1341846653.162620 1341846654.170244 1341846653.165300 1341846654.165400 0.308804 0.089484
1341846653.198437 1341846654.202087 1341846653.196600 1341846654.205400 0.268924 0.074285
1341846653.230042 1341846654.234434 1341846653.225300 1341846654.235300 0.259613 0.069628
1341846653.298380 1341846654.270041 1341846653.295300 1341846654.265300 0.243291 0.071592
1341846653.330162 1341846654.369979 1341846653.325200 1341846654.365300 0.242613 0.060166
1341846653.366319 1341846654.369979 1341846653.365300 1341846654.365300 0.211043 0.055345
1341846653.398226 1341846654.402172 1341846653.396700 1341846654.405600 0.259967 0.084611
1341846653.430060 1341846654.402172 1341846653.425200 1341846654.405600 0.222882 0.071746
1341846653.466341 1341846654.470186 1341846653.465300 1341846654.465300 0.150699 0.036918
1341846653.498194 1341846654.502267 1341846653.495300 1341846654.505300 0.188356 0.068228
1341846653.530205 1341846654.539064 1341846653.525300 1341846654.535300 0.112642 0.043997
1341846653.566601 1341846654.570053 1341846653.565300 1341846654.565300 0.111122 0.041283
1341846653.598213 1341846654.606030 1341846653.595300 1341846654.605300 0.098637 0.033727
1341846653.634793 1341846654.637980 1341846653.635300 1341846654.635300 0.067853 0.036181
1341846653.666143 1341846654.670155 1341846653.665300 1341846654.665300 0.067245 0.040413
1341846653.734313 1341846654.738497 1341846653.735300 1341846654.735300 0.081373 0.039157
1341846653.766275 1341846654.738497 1341846653.765300 1341846654.735300 0.086376 0.040390
1341846653.802358 1341846654.738497 1341846653.805300 1341846654.735300 0.100543 0.047647
1341846653.866214 1341846654.906209 1341846653.865300 1341846654.905400 0.107221 0.046483
1341846653.902170 1341846654.906209 1341846653.905400 1341846654.905400 0.128627 0.051846
1341846653.934160 1341846654.906209 1341846653.935400 1341846654.905400 0.119215 0.049569
1341846653.966155 1341846654.906209 1341846653.965400 1341846654.905400 0.121958 0.045700
1341846654.002169 1341846655.042239 1341846654.005300 1341846655.045300 0.110054 0.037119
1341846654.034140 1341846655.042239 1341846654.035300 1341846655.045300 0.114269 0.038838
1341846654.070172 1341846655.074179 1341846654.065300 1341846655.075300 0.118864 0.043035
1341846654.102438 1341846655.106132 1341846654.105300 1341846655.105300 0.119374 0.056189
1341846654.134349 1341846655.142070 1341846654.135400 1341846655.145400 0.109872 0.047398
1341846654.170244 1341846655.174000 1341846654.165400 1341846655.175400 0.122974 0.046835
1341846654.202087 1341846655.174000 1341846654.205400 1341846655.175400 0.115423 0.050141
1341846654.234434 1341846655.242079 1341846654.235300 1341846655.245400 0.121127 0.044069
1341846654.270041 1341846655.274211 1341846654.265300 1341846655.275300 0.136295 0.055503
1341846654.369979 1341846655.342236 1341846654.365300 1341846655.345400 0.171161 0.053738
1341846654.402172 1341846655.442262 1341846654.405600 1341846655.445300 0.241244 0.083230
1341846654.470186 1341846655.442262 1341846654.465300 1341846655.445300 0.177221 0.053800
1341846654.502267 1341846655.510277 1341846654.505300 1341846655.505400 0.235346 0.090720
1341846654.539064 1341846655.542135 1341846654.535300 1341846655.545200 0.179076 0.064952
1341846654.570053 1341846655.578132 1341846654.565300 1341846655.575500 0.187000 0.069214
1341846654.606030 1341846655.578132 1341846654.605300 1341846655.575500 0.173289 0.067511
1341846654.637980 1341846655.642348 1341846654.635300 1341846655.645300 0.142319 0.056587
1341846654.670155 1341846655.678110 1341846654.665300 1341846655.675300 0.152572 0.063442
1341846654.738497 1341846655.710074 1341846654.735300 1341846655.705300 0.168989 0.069064
1341846654.906209 1341846655.910355 1341846654.905400 1341846655.915300 0.379277 0.135599
1341846655.042239 1341846656.046211 1341846655.045300 1341846656.045400 0.566052 0.203983
1341846655.074179 1341846656.046211 1341846655.075300 1341846656.045400 0.570706 0.200035
1341846655.106132 1341846656.114220 1341846655.105300 1341846656.115300 0.628793 0.209694
1341846655.142070 1341846656.114220 1341846655.145400 1341846656.115300 0.644687 0.228728
1341846655.174000 1341846656.178154 1341846655.175400 1341846656.175400 0.689199 0.241303
1341846655.242079 1341846656.282181 1341846655.245400 1341846656.285300 0.740485 0.265325
1341846655.274211 1341846656.282181 1341846655.275300 1341846656.285300 0.735862 0.267475
1341846655.342236 1341846656.382222 1341846655.345400 1341846656.385300 0.765618 0.273581
1341846655.442262 1341846656.482260 1341846655.445300 1341846656.485200 0.749943 0.264909
1341846655.510277 1341846656.482260 1341846655.505400 1341846656.485200 0.728436 0.252702
1341846655.542135 1341846656.482260 1341846655.545200 1341846656.485200 0.716885 0.251898
1341846655.578132 1341846656.614195 1341846655.575500 1341846656.616600 0.693932 0.237330
1341846655.642348 1341846656.614195 1341846655.645300 1341846656.616600 0.648643 0.224017
1341846655.678110 1341846656.714216 1341846655.675300 1341846656.715300 0.605296 0.205521
1341846655.710074 1341846656.714216 1341846655.705300 1341846656.715300 0.577819 0.195007
1341846655.910355 1341846656.956112 1341846655.915300 1341846656.955300 0.348795 0.119774
1341846655.978412 1341846656.956112 1341846655.975300 1341846656.955300 0.255224 0.090071
1341846656.046211 1341846657.056121 1341846656.045400 1341846657.055200 0.175402 0.068726
1341846656.114220 1341846657.124027 1341846656.115300 1341846657.125300 0.120297 0.060122
1341846656.178154 1341846657.192094 1341846656.175400 1341846657.195300 0.086770 0.043786
1341846656.282181 1341846657.292164 1341846656.285300 1341846657.295300 0.069461 0.030696
1341846656.382222 1341846657.386193 1341846656.385300 1341846657.385300 0.068190 0.035436
1341846656.482260 1341846657.486117 1341846656.485200 1341846657.485800 0.109840 0.051386
1341846656.614195 1341846657.622205 1341846656.616600 1341846657.625300 0.212672 0.081734
1341846656.714216 1341846657.722061 1341846656.715300 1341846657.725300 0.319053 0.116689
1341846656.856226 1341846657.853972 1341846656.855200 1341846657.855300 0.499587 0.173317
1341846656.956112 1341846657.954192 1341846656.955300 1341846657.955300 0.547408 0.187643
1341846657.056121 1341846657.990141 1341846657.055200 1341846657.985700 0.591104 0.196688
1341846657.124027 1341846657.990141 1341846657.125300 1341846657.985700 0.585130 0.194991
1341846657.192094 1341846657.990141 1341846657.195300 1341846657.985700 0.588391 0.196093
1341846657.292164 1341846657.990141 1341846657.295300 1341846657.985700 0.596553 0.199777
1341846657.354367 1341846658.694141 1341846657.355200 1341846658.695200 0.473583 0.166199
1341846657.386193 1341846658.694141 1341846657.385300 1341846658.695200 0.439024 0.155828
1341846657.454277 1341846658.694141 1341846657.455300 1341846658.695200 0.387356 0.139495
1341846657.486117 1341846658.694141 1341846657.485800 1341846658.695200 0.362730 0.130290
1341846657.554062 1341846658.694141 1341846657.556900 1341846658.695200 0.306357 0.111914
1341846657.586078 1341846658.694141 1341846657.585600 1341846658.695200 0.292191 0.112822
1341846657.622205 1341846658.694141 1341846657.625300 1341846658.695200 0.254132 0.093365
1341846657.686517 1341846658.694141 1341846657.685300 1341846658.695200 0.207043 0.087605
1341846657.722061 1341846658.694141 1341846657.725300 1341846658.695200 0.171676 0.070010
1341846657.754104 1341846658.694141 1341846657.755300 1341846658.695200 0.135264 0.056184
1341846657.790066 1341846658.694141 1341846657.785300 1341846658.695200 0.109500 0.049519
1341846657.822089 1341846658.694141 1341846657.825300 1341846658.695200 0.068427 0.029920
1341846657.853972 1341846658.694141 1341846657.855300 1341846658.695200 0.041905 0.018308
1341846657.889993 1341846658.694141 1341846657.885200 1341846658.695200 0.068960 0.025466
1341846657.922046 1341846658.694141 1341846657.925400 1341846658.695200 0.085227 0.034389
1341846657.954192 1341846658.694141 1341846657.955300 1341846658.695200 0.051388 0.020618
1341846657.990141 1341846658.694141 1341846657.985700 1341846658.695200 0.076895 0.026880
1341846658.694141 1341846658.694141 1341846658.695200 1341846658.695200 0.000000 0.000000
1341846661.710142 1341846662.620264 1341846661.705200 1341846662.615300 0.733800 0.245283
1341846661.810103 1341846662.620264 1341846661.805200 1341846662.615300 0.584223 0.191516
1341846661.878157 1341846662.620264 1341846661.875200 1341846662.615300 0.475312 0.152803
1341846661.910222 1341846662.620264 1341846661.915200 1341846662.615300 0.427411 0.134524
1341846661.946090 1341846662.620264 1341846661.945200 1341846662.615300 0.368450 0.114231
1341846662.010311 1341846662.620264 1341846662.015200 1341846662.615300 0.309803 0.095094
1341846662.046195 1341846662.620264 1341846662.045200 1341846662.615300 0.263121 0.079875
1341846662.078099 1341846662.620264 1341846662.075200 1341846662.615300 0.212936 0.062586
1341846662.110672 1341846662.620264 1341846662.116100 1341846662.615300 0.170605 0.053778
1341846662.146166 1341846663.622145 1341846662.145300 1341846663.625400 0.104571 0.034192
1341846662.178168 1341846663.622145 1341846662.175200 1341846663.625400 0.067151 0.022602
1341846662.214136 1341846663.622145 1341846662.215200 1341846663.625400 0.035632 0.018650
1341846662.246167 1341846663.622145 1341846662.248700 1341846663.625400 0.018858 0.009798
1341846662.278007 1341846663.622145 1341846662.275300 1341846663.625400 0.040466 0.012433
1341846662.314144 1341846663.622145 1341846662.315500 1341846663.625400 0.074075 0.022240
1341846662.346164 1341846663.622145 1341846662.345200 1341846663.625400 0.108234 0.032791
1341846662.378069 1341846663.622145 1341846662.375200 1341846663.625400 0.128078 0.037712
1341846662.414229 1341846663.622145 1341846662.415300 1341846663.625400 0.165047 0.049604
1341846662.482229 1341846663.622145 1341846662.485200 1341846663.625400 0.047600 0.018792
1341846662.514117 1341846663.622145 1341846662.515200 1341846663.625400 0.055839 0.018688
1341846662.546261 1341846663.622145 1341846662.545400 1341846663.625400 0.043432 0.013611
1341846662.582101 1341846663.622145 1341846662.585300 1341846663.625400 0.029315 0.008207
1341846662.620264 1341846663.622145 1341846662.615300 1341846663.625400 0.036815 0.008697
1341846663.622145 1341846664.658276 1341846663.625400 1341846664.655300 0.042662 0.005274
1341846663.654099 1341846664.658276 1341846663.655300 1341846664.655300 0.045779 0.003716
1341846663.686099 1341846664.658276 1341846663.685300 1341846664.655300 0.058973 0.009030
1341846663.722109 1341846664.658276 1341846663.725200 1341846664.655300 0.050688 0.005296
1341846663.755694 1341846664.658276 1341846663.755400 1341846664.655300 0.051975 0.009058
1341846663.786304 1341846664.658276 1341846663.785300 1341846664.655300 0.044623 0.005982
1341846663.822090 1341846664.658276 1341846663.825300 1341846664.655300 0.045758 0.019258
1341846663.854115 1341846664.658276 1341846663.855200 1341846664.655300 0.043929 0.010678
1341846663.890140 1341846664.658276 1341846663.885300 1341846664.655300 0.082858 0.024177
1341846663.921987 1341846664.658276 1341846663.925300 1341846664.655300 0.095404 0.033852
1341846664.022124 1341846664.658276 1341846664.025300 1341846664.655300 0.084002 0.029762
1341846664.054171 1341846664.658276 1341846664.055300 1341846664.655300 0.069297 0.026171
1341846664.090250 1341846664.658276 1341846664.095200 1341846664.655300 0.041406 0.014025
1341846664.158241 1341846664.658276 1341846664.155200 1341846664.655300 0.043916 0.008181
1341846664.222189 1341846664.658276 1341846664.225300 1341846664.655300 0.033645 0.011194
1341846664.658276 1341846665.934076 1341846664.655300 1341846665.935300 0.012989 0.012772
1341846665.934076 1341846666.906019 1341846665.935300 1341846666.910400 0.037599 0.013596
1341846666.302195 1341846667.274016 1341846666.305300 1341846667.275200 0.049590 0.033206
1341846666.570131 1341846667.542298 1341846666.565200 1341846667.545300 0.216476 0.103785
1341846666.906019 1341846667.878139 1341846666.910400 1341846667.875200 0.043216 0.016866
1341846667.074153 1341846668.078111 1341846667.075200 1341846668.075600 0.305399 0.097559
1341846667.138108 1341846668.146332 1341846667.135200 1341846668.145500 0.507459 0.171409
1341846667.274016 1341846668.278397 1341846667.275200 1341846668.275200 0.672321 0.226458
1341846667.442109 1341846668.445965 1341846667.445200 1341846668.445200 0.789464 0.274463
1341846667.542298 1341846668.514213 1341846667.545300 1341846668.515200 0.889887 0.309943
1341846667.674072 1341846668.682455 1341846667.676400 1341846668.685200 1.024328 0.338974
1341846667.878139 1341846668.882442 1341846667.875200 1341846668.886000 1.009554 0.337407
1341846668.078111 1341846669.082525 1341846668.075600 1341846669.085300 0.723515 0.246508
1341846668.146332 1341846669.150086 1341846668.145500 1341846669.145200 0.602062 0.209291
1341846668.178208 1341846669.182477 1341846668.175200 1341846669.185200 0.538872 0.183907
1341846668.211262 1341846669.182477 1341846668.215100 1341846669.185200 0.486447 0.165165
1341846668.278397 1341846669.286114 1341846668.275200 1341846669.285200 0.479279 0.165456
1341846668.346231 1341846669.350255 1341846668.345200 1341846669.345200 0.437812 0.154072
1341846668.445965 1341846669.450219 1341846668.445200 1341846669.445100 0.336919 0.118146
1341846668.478153 1341846669.486175 1341846668.475200 1341846669.485400 0.334535 0.114749
1341846668.514213 1341846669.518033 1341846668.515200 1341846669.515200 0.275721 0.094575
1341846668.582467 1341846669.586348 1341846668.585200 1341846669.585500 0.211780 0.071532
1341846668.614140 1341846669.617976 1341846668.615200 1341846669.620100 0.186318 0.061699
1341846668.646312 1341846669.654096 1341846668.645300 1341846669.655200 0.126912 0.042730
1341846668.682455 1341846669.654096 1341846668.685200 1341846669.655200 0.094691 0.030362
1341846668.714133 1341846669.718075 1341846668.715200 1341846669.715200 0.077807 0.022860
1341846668.746132 1341846669.754171 1341846668.745700 1341846669.755200 0.104017 0.038454
1341846668.782338 1341846669.786139 1341846668.785200 1341846669.785100 0.077473 0.022174
1341846668.814140 1341846669.786139 1341846668.815200 1341846669.785100 0.087021 0.027534
1341846668.882442 1341846669.854118 1341846668.886000 1341846669.855100 0.105591 0.037247
1341846668.914289 1341846669.922050 1341846668.915200 1341846669.925400 0.075298 0.026802
1341846668.950088 1341846669.954047 1341846668.946000 1341846669.958400 0.076952 0.026600
1341846668.982227 1341846669.954047 1341846668.985800 1341846669.958400 0.054253 0.019413
1341846669.014062 1341846670.022242 1341846669.015200 1341846670.025200 0.068182 0.020458
1341846669.050056 1341846670.022242 1341846669.045200 1341846670.025200 0.062305 0.019820
1341846669.082525 1341846670.090228 1341846669.085300 1341846670.095200 0.079200 0.030192
1341846669.118346 1341846670.090228 1341846669.115200 1341846670.095200 0.080227 0.028148
1341846669.150086 1341846670.154057 1341846669.145200 1341846670.155200 0.129470 0.044825
1341846669.182477 1341846670.190103 1341846669.185200 1341846670.185100 0.169896 0.060371
1341846669.250205 1341846670.222197 1341846669.255200 1341846670.225200 0.203418 0.075800
1341846669.286114 1341846670.290254 1341846669.285200 1341846670.285200 0.268039 0.095411
1341846669.318030 1341846670.290254 1341846669.316300 1341846670.285200 0.257447 0.090435
1341846669.350255 1341846670.358377 1341846669.345200 1341846670.355200 0.305005 0.106105
1341846669.418200 1341846670.422206 1341846669.415200 1341846670.425300 0.414404 0.152018
1341846669.450219 1341846670.422206 1341846669.445100 1341846670.425300 0.410774 0.147491
1341846669.486175 1341846670.526271 1341846669.485400 1341846670.525200 0.586905 0.221885
1341846669.518033 1341846670.526271 1341846669.515200 1341846670.525200 0.602598 0.227309
1341846669.554159 1341846670.566977 1341846669.555200 1341846670.565200 0.652018 0.244075
1341846669.586348 1341846670.596103 1341846669.585500 1341846670.595200 0.671282 0.254781
1341846669.617976 1341846670.628412 1341846669.620100 1341846670.625200 0.715516 0.267298
1341846669.654096 1341846670.664027 1341846669.655200 1341846670.665400 0.755499 0.283582
1341846669.718075 1341846670.728093 1341846669.715200 1341846670.725200 0.799181 0.299720
1341846669.754171 1341846670.764128 1341846669.755200 1341846670.765200 0.815910 0.306501
1341846669.786139 1341846670.796059 1341846669.785100 1341846670.795600 0.830666 0.311716
1341846669.854118 1341846670.863970 1341846669.855100 1341846670.865200 0.849413 0.317947
1341846669.922050 1341846670.932028 1341846669.925400 1341846670.938300 0.898160 0.328834
1341846669.954047 1341846670.964063 1341846669.958400 1341846670.965300 0.898547 0.327690
1341846670.022242 1341846671.032112 1341846670.025200 1341846671.035200 0.949915 0.348841
1341846670.090228 1341846671.101398 1341846670.095200 1341846671.098200 0.931754 0.335429
1341846670.154057 1341846671.168159 1341846670.155200 1341846671.165600 0.884246 0.317466
1341846670.190103 1341846671.200149 1341846670.185100 1341846671.195100 0.852867 0.310081
1341846670.222197 1341846671.232280 1341846670.225200 1341846671.235300 0.844460 0.300812
1341846670.290254 1341846671.300337 1341846670.285200 1341846671.295100 0.799068 0.282649
1341846670.358377 1341846671.368236 1341846670.355200 1341846671.365200 0.784495 0.271433
1341846670.422206 1341846671.436064 1341846670.425300 1341846671.435100 0.688951 0.237734
1341846670.526271 1341846671.536197 1341846670.525200 1341846671.536700 0.508740 0.159733
1341846670.566977 1341846671.568120 1341846670.565200 1341846671.565200 0.491134 0.154721
1341846670.596103 1341846671.604188 1341846670.595200 1341846671.605200 0.468753 0.127987
1341846670.628412 1341846671.636057 1341846670.625200 1341846671.635200 0.455059 0.133509
1341846670.664027 1341846671.672157 1341846670.665400 1341846671.675100 0.446814 0.123356
1341846670.696002 1341846671.704027 1341846670.695200 1341846671.705200 0.435934 0.121488
1341846670.728093 1341846671.736479 1341846670.725200 1341846671.735400 0.422149 0.115386
1341846670.764128 1341846671.774745 1341846670.765200 1341846671.775200 0.409369 0.104302
1341846670.796059 1341846671.804605 1341846670.795600 1341846671.805200 0.409412 0.106779
1341846670.832246 1341846671.840252 1341846670.835200 1341846671.835100 0.400797 0.103276
1341846670.863970 1341846671.872106 1341846670.865200 1341846671.875100 0.400489 0.097368
1341846670.896139 1341846671.904035 1341846670.896000 1341846671.905100 0.379728 0.096622
1341846670.932028 1341846671.904035 1341846670.938300 1341846671.905100 0.371475 0.099918
1341846670.964063 1341846671.972239 1341846670.965300 1341846671.975100 0.355364 0.091221
1341846671.000270 1341846671.972239 1341846671.005100 1341846671.975100 0.338857 0.088818
1341846671.032112 1341846672.034218 1341846671.035200 1341846672.035100 0.335116 0.082533
1341846671.064030 1341846672.066227 1341846671.065100 1341846672.065200 0.325569 0.071800
1341846671.101398 1341846672.098024 1341846671.098200 1341846672.095200 0.316266 0.069692
1341846671.132289 1341846672.134061 1341846671.135300 1341846672.135200 0.301367 0.067046
1341846671.168159 1341846672.166000 1341846671.165600 1341846672.165100 0.309689 0.062711
1341846671.200149 1341846672.198405 1341846671.195100 1341846672.195100 0.287113 0.052390
1341846671.232280 1341846672.234130 1341846671.235300 1341846672.235200 0.263873 0.052344
1341846671.268147 1341846672.266403 1341846671.265100 1341846672.265100 0.264240 0.044600
1341846671.300337 1341846672.302710 1341846671.295100 1341846672.308100 0.241858 0.045107
1341846671.336125 1341846672.335022 1341846671.335200 1341846672.335100 0.220652 0.038293
1341846671.368236 1341846672.366487 1341846671.365200 1341846672.365100 0.206762 0.037842
1341846671.400327 1341846672.402478 1341846671.405200 1341846672.405100 0.210718 0.040450
1341846671.436064 1341846672.434330 1341846671.435100 1341846672.435200 0.182140 0.034781
1341846671.468197 1341846672.434330 1341846671.465300 1341846672.435200 0.153352 0.023954
1341846671.504294 1341846672.570153 1341846671.505100 1341846672.566400 0.151550 0.034646
1341846671.536197 1341846672.570153 1341846671.536700 1341846672.566400 0.143118 0.022975
1341846671.568120 1341846672.570153 1341846671.565200 1341846672.566400 0.130142 0.014840
1341846671.604188 1341846672.608881 1341846671.605200 1341846672.605100 0.108536 0.034972
1341846671.636057 1341846672.640836 1341846671.635200 1341846672.645200 0.107526 0.022075
1341846671.672157 1341846672.640836 1341846671.675100 1341846672.645200 0.088865 0.016454
1341846671.704027 1341846672.708152 1341846671.705200 1341846672.705100 0.062562 0.020599
1341846671.736479 1341846672.708152 1341846671.735400 1341846672.705100 0.055025 0.019160
1341846671.774745 1341846672.770288 1341846671.775200 1341846672.775100 0.059863 0.019779
1341846671.804605 1341846672.803280 1341846671.805200 1341846672.805200 0.044562 0.020005
1341846671.840252 1341846672.838034 1341846671.835100 1341846672.835100 0.033313 0.010097
1341846671.872106 1341846672.870092 1341846671.875100 1341846672.866400 0.010010 0.008825
1341846671.904035 1341846672.870092 1341846671.905100 1341846672.866400 0.018203 0.012698
1341846671.972239 1341846672.970326 1341846671.975100 1341846672.965200 0.033811 0.015267
1341846672.034218 1341846673.008221 1341846672.035100 1341846673.005100 0.027151 0.011581
1341846672.066227 1341846673.070235 1341846672.065200 1341846673.075100 0.025486 0.016674
1341846672.098024 1341846673.106189 1341846672.095200 1341846673.105200 0.019276 0.019749
1341846672.134061 1341846673.138104 1341846672.135200 1341846673.135200 0.008353 0.010306
1341846672.166000 1341846673.170298 1341846672.165100 1341846673.175200 0.010472 0.006036
1341846672.198405 1341846673.170298 1341846672.195100 1341846673.175200 0.014765 0.012133
1341846672.234130 1341846673.238153 1341846672.235200 1341846673.235100 0.017019 0.014828
1341846672.266403 1341846673.274220 1341846672.265100 1341846673.278700 0.009485 0.015253
1341846672.302710 1341846673.306107 1341846672.308100 1341846673.305100 0.010373 0.011990
1341846672.335022 1341846673.338187 1341846672.335100 1341846673.335200 0.005222 0.004963
1341846672.366487 1341846673.338187 1341846672.365100 1341846673.335200 0.006729 0.005137
1341846672.402478 1341846673.438267 1341846672.405100 1341846673.435200 0.002496 0.005699
1341846672.434330 1341846673.438267 1341846672.435200 1341846673.435200 0.001779 0.005686
1341846672.570153 1341846673.574072 1341846672.566400 1341846673.575900 0.021863 0.004904
1341846672.608881 1341846673.574072 1341846672.605100 1341846673.575900 0.022564 0.011832
1341846672.640836 1341846673.648026 1341846672.645200 1341846673.645100 0.018713 0.019673
1341846672.708152 1341846673.710162 1341846672.705100 1341846673.715100 0.026749 0.018724
1341846672.770288 1341846673.774298 1341846672.775100 1341846673.775300 0.043336 0.027726
1341846672.803280 1341846673.810154 1341846672.805200 1341846673.815100 0.045698 0.023337
1341846672.838034 1341846673.842305 1341846672.835100 1341846673.845200 0.049054 0.023085
1341846672.870092 1341846673.874285 1341846672.866400 1341846673.875200 0.053608 0.025855
1341846672.938315 1341846673.942284 1341846672.935100 1341846673.945200 0.058711 0.025433
1341846672.970326 1341846673.942284 1341846672.965200 1341846673.945200 0.048279 0.018734
1341846673.008221 1341846674.016486 1341846673.005100 1341846674.022400 0.068286 0.022919
1341846673.070235 1341846674.084057 1341846673.075100 1341846674.085300 0.072856 0.024673
1341846673.106189 1341846674.084057 1341846673.105200 1341846674.085300 0.071803 0.022273
1341846673.138104 1341846674.152235 1341846673.135200 1341846674.155200 0.100986 0.033257
1341846673.170298 1341846674.152235 1341846673.175200 1341846674.155200 0.101340 0.035486
1341846673.238153 1341846674.246217 1341846673.235100 1341846674.245200 0.140965 0.045751
1341846673.274220 1341846674.278035 1341846673.278700 1341846674.275200 0.147175 0.048404
1341846673.306107 1341846674.310117 1341846673.305100 1341846674.305200 0.156575 0.052724
1341846673.338187 1341846674.346212 1341846673.335200 1341846674.345100 0.166158 0.056825
1341846673.438267 1341846674.446125 1341846673.435200 1341846674.445200 0.186300 0.062925
1341846673.474135 1341846674.478198 1341846673.475100 1341846674.475200 0.203401 0.071973
1341846673.506260 1341846674.478198 1341846673.505100 1341846674.475200 0.208114 0.073190
1341846673.542168 1341846674.546062 1341846673.545100 1341846674.545200 0.229916 0.075994
1341846673.574072 1341846674.578094 1341846673.575900 1341846674.575200 0.236655 0.079540
1341846673.648026 1341846674.614179 1341846673.645100 1341846674.615200 0.252026 0.081866
1341846673.710162 1341846674.714186 1341846673.715100 1341846674.715200 0.227244 0.075458
1341846673.742225 1341846674.752271 1341846673.745100 1341846674.755100 0.199748 0.067333
1341846673.774298 1341846674.752271 1341846673.775300 1341846674.755100 0.188858 0.066210
1341846673.810154 1341846674.814222 1341846673.815100 1341846674.815200 0.171145 0.055069
1341846673.842305 1341846674.814222 1341846673.845200 1341846674.815200 0.165564 0.056060
1341846673.874285 1341846674.882158 1341846673.875200 1341846674.885100 0.144407 0.052411
1341846673.910253 1341846674.882158 1341846673.915100 1341846674.885100 0.137644 0.048080
1341846673.942284 1341846674.950305 1341846673.945200 1341846674.945900 0.125648 0.040973
1341846674.016486 1341846675.014137 1341846674.022400 1341846675.015200 0.112937 0.026574
1341846674.052060 1341846675.050230 1341846674.055200 1341846675.055100 0.097302 0.023502
1341846674.084057 1341846675.088201 1341846674.085300 1341846675.085300 0.104121 0.023778
1341846674.152235 1341846675.150188 1341846674.155200 1341846675.145200 0.128379 0.039025
1341846674.210322 1341846675.218759 1341846674.215200 1341846675.215200 0.202473 0.082151
1341846674.246217 1341846675.218759 1341846674.245200 1341846675.215200 0.208406 0.084056
1341846674.278035 1341846675.282406 1341846674.275200 1341846675.285300 0.260127 0.100471
1341846674.310117 1341846675.318078 1341846674.305200 1341846675.315100 0.286639 0.111817
1341846674.346212 1341846675.350149 1341846674.345100 1341846675.345200 0.308226 0.120655
1341846674.378058 1341846675.382271 1341846674.375200 1341846675.385200 0.344241 0.128490
1341846674.446125 1341846675.450238 1341846674.445200 1341846675.455100 0.408870 0.148844
1341846674.478198 1341846675.486165 1341846674.475200 1341846675.485200 0.463060 0.166685
1341846674.546062 1341846675.550092 1341846674.545200 1341846675.545100 0.529975 0.184940
1341846674.578094 1341846675.586070 1341846674.575200 1341846675.585200 0.563903 0.196477
1341846674.614179 1341846675.618075 1341846674.615200 1341846675.615200 0.595336 0.204464
1341846674.682209 1341846675.650024 1341846674.685100 1341846675.646100 0.613932 0.212370
1341846674.714186 1341846675.718055 1341846674.715200 1341846675.715200 0.641918 0.218078
1341846674.752271 1341846675.754170 1341846674.755100 1341846675.755200 0.641659 0.215864
1341846674.814222 1341846675.818106 1341846674.815200 1341846675.815200 0.671243 0.222440
1341846674.882158 1341846675.886163 1341846674.885100 1341846675.885200 0.696037 0.226617
1341846674.950305 1341846675.961651 1341846674.945900 1341846675.965200 0.728306 0.235483
1341846674.982342 1341846675.961651 1341846674.985200 1341846675.965200 0.707140 0.229031
1341846675.014137 1341846676.028080 1341846675.015200 1341846676.025100 0.716196 0.229584
1341846675.050230 1341846676.028080 1341846675.055100 1341846676.025100 0.691677 0.222700
1341846675.088201 1341846676.122163 1341846675.085300 1341846676.125200 0.746891 0.239526
1341846675.150188 1341846676.154447 1341846675.145200 1341846676.155100 0.737460 0.237936
1341846675.182290 1341846676.190230 1341846675.185200 1341846676.195100 0.739855 0.236879
1341846675.218759 1341846676.222476 1341846675.215200 1341846676.227500 0.766765 0.249334