1341846647.865300 -0.624300 -2.777600 1.475300 1341846647.866652 -0.489856 -2.243063 1.723327
1341846647.905400 -0.620700 -2.779200 1.475400 1341846647.901972 -0.488708 -2.240909 1.719429
1341846647.965700 -0.615800 -2.780300 1.475400 1341846647.970225 -0.487206 -2.242465 1.717180
1341846648.035300 -0.609500 -2.781400 1.475800 1341846648.034343 -0.481811 -2.244601 1.711922
1341846648.175400 -0.595400 -2.784000 1.480100 1341846648.170568 -0.474560 -2.234338 1.708018
1341846648.265400 -0.588000 -2.784700 1.483200 1341846648.270152 -0.465491 -2.235750 1.698878
1341846648.365300 -0.579300 -2.786300 1.484700 1341846648.370216 -0.459180 -2.231520 1.700048
1341846648.565300 -0.555600 -2.779600 1.484300 1341846648.570179 -0.463264 -2.229673 1.703758
1341846648.906600 -0.487500 -2.747600 1.484600 1341846648.906165 -0.465442 -2.274409 1.688233
1341846649.005300 -0.470400 -2.735500 1.485300 1341846649.006157 -0.465749 -2.328450 1.675669
1341846649.105300 -0.454600 -2.724300 1.487400 1341846649.106188 -0.452306 -2.371389 1.674834
1341846649.245400 -0.434200 -2.710300 1.489000 1341846649.248048 -0.453784 -2.394653 1.657693
1341846649.415400 -0.410000 -2.691800 1.489200 1341846649.416053 -0.447867 -2.438024 1.651520
1341846649.715400 -0.363900 -2.671900 1.500100 1341846649.710937 -0.457489 -2.457641 1.606033
1341846649.805300 -0.347200 -2.664900 1.502000 1341846649.810257 -0.449148 -2.473913 1.600925
1341846649.915400 -0.325100 -2.652300 1.499700 1341846649.914184 -0.465666 -2.490516 1.588219
1341846650.045400 -0.297800 -2.631900 1.495200 1341846650.046184 -0.465280 -2.513117 1.582120
1341846650.145400 -0.279100 -2.615100 1.495800 1341846650.146137 -0.474623 -2.534181 1.564027
1341846650.285300 -0.259200 -2.593200 1.506300 1341846650.282167 -0.486938 -2.558347 1.545355
1341846650.455300 -0.253800 -2.584900 1.516500 1341846650.450353 -0.468709 -2.563214 1.522848
1341846650.655300 -0.288600 -2.605100 1.522500 1341846650.650422 -0.464249 -2.538840 1.532108
1341846650.885300 -0.368700 -2.636200 1.528800 1341846650.886238 -0.459906 -2.469687 1.563457
1341846651.115300 -0.454700 -2.670600 1.528400 1341846651.118423 -0.476579 -2.395052 1.589260
1341846651.285300 -0.512900 -2.688200 1.527700 1341846651.286406 -0.480507 -2.338895 1.601166
1341846651.495300 -0.583000 -2.716700 1.529800 1341846651.492135 -0.526141 -2.276851 1.604518
1341846651.655300 -0.637500 -2.742000 1.534500 1341846651.654223 -0.570449 -2.202828 1.589911
1341846651.785300 -0.684400 -2.770100 1.535300 1341846651.790200 -0.597835 -2.094299 1.614168
1341846651.885400 -0.718800 -2.792200 1.537900 1341846651.890237 -0.639067 -2.025049 1.627428
1341846652.025300 -0.763300 -2.816300 1.539900 1341846652.022081 -0.700102 -1.918116 1.650204
1341846652.157000 -0.807400 -2.829400 1.539100 1341846652.158232 -0.779766 -1.778504 1.679223
1341846652.225300 -0.832100 -2.834100 1.537600 1341846652.225981 -0.845442 -1.711087 1.702262
1341846652.286400 -0.853100 -2.836400 1.537000 1341846652.290189 -0.898973 -1.638019 1.726918
1341846652.325400 -0.867300 -2.836900 1.537600 1341846652.326148 -0.931124 -1.602497 1.740864
1341846652.395300 -0.892400 -2.838400 1.538200 1341846652.394279 -0.958380 -1.556334 1.768941
1341846652.455400 -0.914100 -2.839200 1.538600 1341846652.458277 -0.978910 -1.549275 1.762571
1341846652.525400 -0.937900 -2.838600 1.538500 1341846652.526469 -0.996759 -1.507405 1.784588
1341846652.565300 -0.950500 -2.837600 1.538500 1341846652.562089 -0.989671 -1.503065 1.770568
1341846652.595400 -0.959000 -2.836500 1.539000 1341846652.594254 -1.023034 -1.486315 1.780221
1341846652.625300 -0.966700 -2.835500 1.539200 1341846652.626356 -1.038507 -1.475187 1.787442
1341846652.666100 -0.975800 -2.834100 1.539000 1341846652.662152 -1.000477 -1.489262 1.800774
1341846652.695300 -0.981300 -2.833200 1.538600 1341846652.694113 -1.033123 -1.497481 1.805452
1341846652.725300 -0.985600 -2.831800 1.539300 1341846652.726378 -1.076500 -1.506149 1.807220
1341846652.765300 -0.989400 -2.828700 1.539700 1341846652.762129 -1.107424 -1.485859 1.827854
1341846652.795300 -0.991200 -2.826600 1.540000 1341846652.794152 -1.132226 -1.476264 1.827755
1341846652.825400 -0.992800 -2.825000 1.540000 1341846652.830250 -1.153464 -1.477482 1.828796
1341846652.865400 -0.995200 -2.822200 1.539700 1341846652.862014 -1.178798 -1.462313 1.832781
1341846652.895400 -0.996600 -2.819600 1.540200 1341846652.894426 -1.209153 -1.448427 1.825761
1341846652.925400 -0.998500 -2.817600 1.540900 1341846652.930346 -1.239242 -1.452593 1.818504
1341846652.965300 -1.001300 -2.815200 1.541100 1341846652.962213 -1.264285 -1.449081 1.834608
1341846653.025400 -1.005400 -2.810600 1.541500 1341846653.030292 -1.307240 -1.445307 1.815202
1341846653.065500 -1.008800 -2.808000 1.541600 1341846653.062672 -1.354689 -1.436240 1.809030
1341846653.095400 -1.010900 -2.805300 1.542300 1341846653.099024 -1.366070 -1.442761 1.820291
1341846653.135300 -1.014000 -2.802500 1.542000 1341846653.130475 -1.393732 -1.443485 1.813970
1341846653.165300 -1.015800 -2.800400 1.542400 1341846653.162620 -1.409250 -1.419629 1.807352
1341846653.196600 -1.017500 -2.798500 1.542600 1341846653.198437 -1.447545 -1.409833 1.801096
1341846653.225300 -1.019900 -2.796900 1.542200 1341846653.230042 -1.463785 -1.414439 1.796756
1341846653.295300 -1.024400 -2.794100 1.541200 1341846653.298380 -1.518563 -1.440745 1.814137
1341846653.325200 -1.026100 -2.793100 1.540400 1341846653.330162 -1.537042 -1.433335 1.807945
1341846653.365300 -1.028000 -2.791700 1.539800 1341846653.366319 -1.571727 -1.437047 1.815083
1341846653.396700 -1.029500 -2.790700 1.539400 1341846653.398226 -1.589560 -1.445483 1.810163
1341846653.425200 -1.031300 -2.789900 1.539000 1341846653.430060 -1.628793 -1.444724 1.805269
1341846653.465300 -1.033400 -2.788700 1.539100 1341846653.466341 -1.647867 -1.447510 1.808513
1341846653.495300 -1.035100 -2.787400 1.539300 1341846653.498194 -1.668092 -1.444294 1.807788
1341846653.525300 -1.036700 -2.786100 1.539300 1341846653.530205 -1.690793 -1.453134 1.798086
1341846653.565300 -1.038700 -2.784100 1.539200 1341846653.566601 -1.693250 -1.447972 1.801140
1341846653.595300 -1.039800 -2.782600 1.539100 1341846653.598213 -1.708049 -1.441570 1.804604
1341846653.635300 -1.041400 -2.780000 1.538500 1341846653.634793 -1.714540 -1.437506 1.806089
1341846653.665300 -1.042400 -2.778400 1.537900 1341846653.666143 -1.714090 -1.437595 1.806132
1341846653.735300 -1.043600 -2.774500 1.536300 1341846653.734313 -1.717457 -1.430086 1.816579
1341846653.765300 -1.043800 -2.773200 1.535600 1341846653.766275 -1.722371 -1.430700 1.806239
1341846653.805300 -1.043300 -2.771700 1.534500 1341846653.802358 -1.733367 -1.422109 1.804121
1341846653.865300 -1.041400 -2.770500 1.532900 1341846653.866214 -1.730285 -1.436452 1.799558
1341846653.905400 -1.039600 -2.770500 1.532000 1341846653.902170 -1.743878 -1.418614 1.799645
1341846653.935400 -1.037600 -2.770700 1.531300 1341846653.934160 -1.739081 -1.430944 1.800524
1341846653.965400 -1.035300 -2.771200 1.530900 1341846653.966155 -1.744237 -1.429728 1.808228
1341846654.005300 -1.031400 -2.771500 1.530200 1341846654.002169 -1.748573 -1.427153 1.813110
1341846654.035300 -1.028200 -2.772400 1.530100 1341846654.034140 -1.739216 -1.421855 1.804125
1341846654.065300 -1.025400 -2.773500 1.529900 1341846654.070172 -1.735334 -1.423856 1.795913
1341846654.105300 -1.020700 -2.775200 1.529900 1341846654.102438 -1.711564 -1.424476 1.792139
1341846654.135400 -1.017000 -2.776800 1.530500 1341846654.134349 -1.712570 -1.429503 1.793728
1341846654.165400 -1.013000 -2.778100 1.531100 1341846654.170244 -1.731884 -1.426514 1.798217
1341846654.205400 -1.007300 -2.779100 1.532600 1341846654.202087 -1.722982 -1.437258 1.798260
1341846654.235300 -1.003400 -2.781400 1.533300 1341846654.234434 -1.722446 -1.431377 1.794490
1341846654.265300 -0.999200 -2.783900 1.534000 1341846654.270041 -1.748619 -1.441777 1.794179
1341846654.365300 -0.980500 -2.790400 1.536400 1341846654.369979 -1.746991 -1.469356 1.788309
1341846654.405600 -0.972500 -2.792700 1.537000 1341846654.402172 -1.803728 -1.465838 1.808919
1341846654.465300 -0.959500 -2.797600 1.537900 1341846654.470186 -1.734960 -1.512972 1.806500
1341846654.505300 -0.950600 -2.800000 1.538900 1341846654.502267 -1.778883 -1.516378 1.825128
1341846654.535300 -0.943300 -2.801500 1.539500 1341846654.539064 -1.711583 -1.534602 1.824003
1341846654.565300 -0.936200 -2.803900 1.540100 1341846654.570053 -1.706631 -1.536790 1.803928
1341846654.605300 -0.926600 -2.806000 1.540200 1341846654.606030 -1.686965 -1.541115 1.834280
1341846654.635300 -0.919400 -2.808200 1.540100 1341846654.637980 -1.599303 -1.558410 1.828504
1341846654.665300 -0.911500 -2.810300 1.540600 1341846654.670155 -1.579454 -1.562074 1.822069
1341846654.735300 -0.893900 -2.815300 1.540100 1341846654.738497 -1.540546 -1.570531 1.825599
1341846654.905400 -0.851600 -2.822900 1.537800 1341846654.906209 -1.496598 -1.595985 1.845419
1341846655.045300 -0.819800 -2.829000 1.533200 1341846655.042239 -1.476789 -1.585343 1.856418
1341846655.075300 -0.813700 -2.830600 1.531800 1341846655.074179 -1.470456 -1.584497 1.861443
1341846655.105300 -0.807000 -2.831800 1.530600 1341846655.106132 -1.454107 -1.595452 1.857933
1341846655.145400 -0.799100 -2.832700 1.529400 1341846655.142070 -1.462731 -1.592285 1.863207
1341846655.175400 -0.792800 -2.833200 1.528500 1341846655.174000 -1.460512 -1.600498 1.865175
1341846655.245400 -0.778100 -2.834000 1.528100 1341846655.242079 -1.451358 -1.617529 1.855061
1341846655.275300 -0.771800 -2.835200 1.527700 1341846655.274211 -1.438776 -1.619247 1.839125
1341846655.345400 -0.757800 -2.836700 1.528400 1341846655.342236 -1.410325 -1.646652 1.851147
1341846655.445300 -0.740800 -2.837800 1.530600 1341846655.442262 -1.393867 -1.692683 1.858672
1341846655.505400 -0.733000 -2.837600 1.531100 1341846655.510277 -1.375417 -1.712735 1.842787
1341846655.545200 -0.728300 -2.836900 1.530700 1341846655.542135 -1.370285 -1.727716 1.838412
1341846655.575500 -0.724100 -2.837000 1.529900 1341846655.578132 -1.370080 -1.744953 1.834062
1341846655.645300 -0.716800 -2.837800 1.527600 1341846655.642348 -1.340461 -1.788648 1.827093
1341846655.675300 -0.713700 -2.838200 1.526700 1341846655.678110 -1.338051 -1.814635 1.825436
1341846655.705300 -0.710700 -2.838600 1.526300 1341846655.710074 -1.317429 -1.839020 1.824688
1341846655.915300 -0.689700 -2.843400 1.521600 1341846655.910355 -1.180579 -2.024486 1.760577
1341846655.975300 -0.684300 -2.845400 1.520400 1341846655.978412 -1.120862 -2.100918 1.735667
1341846656.045400 -0.676900 -2.848200 1.519400 1341846656.046211 -1.095021 -2.160432 1.706104
1341846656.115300 -0.669700 -2.851300 1.518200 1341846656.114220 -1.055718 -2.228923 1.704880
1341846656.175400 -0.664500 -2.854300 1.517500 1341846656.178154 -1.055705 -2.288294 1.700717
1341846656.285300 -0.656200 -2.857800 1.517300 1341846656.282181 -1.033817 -2.347517 1.675708
1341846656.385300 -0.650600 -2.860200 1.516400 1341846656.382222 -1.018194 -2.401652 1.670375
1341846656.485200 -0.646600 -2.862100 1.514800 1341846656.482260 -1.005743 -2.415963 1.675030
1341846656.616600 -0.640900 -2.865200 1.511700 1341846656.614195 -0.992281 -2.398237 1.660245
1341846656.715300 -0.638300 -2.867400 1.510400 1341846656.714216 -0.979712 -2.369164 1.669146
1341846656.855200 -0.636700 -2.865700 1.508200 1341846656.856226 -0.975080 -2.358994 1.667972
1341846656.955300 -0.634800 -2.863000 1.506500 1341846656.956112 -0.974264 -2.353161 1.658054
1341846657.055200 -0.632300 -2.860600 1.504600 1341846657.056121 -0.981827 -2.342819 1.662011
1341846657.125300 -0.629900 -2.857400 1.503700 1341846657.124027 -0.980069 -2.346384 1.640337
1341846657.195300 -0.627300 -2.854500 1.503400 1341846657.192094 -0.971587 -2.347976 1.655560
1341846657.295300 -0.624800 -2.847400 1.504300 1341846657.292164 -0.974677 -2.343473 1.654476
1341846657.355200 -0.622500 -2.841700 1.504100 1341846657.354367 -0.960346 -2.394723 1.649263
1341846657.385300 -0.620900 -2.838900 1.503900 1341846657.386193 -0.960892 -2.430161 1.637650
1341846657.455300 -0.617500 -2.832100 1.504000 1341846657.454277 -0.933212 -2.483124 1.626065
1341846657.485800 -0.615100 -2.829100 1.504700 1341846657.486117 -0.931650 -2.510091 1.619659
1341846657.556900 -0.612200 -2.822400 1.506200 1341846657.554062 -0.941728 -2.566709 1.591276
1341846657.585600 -0.610100 -2.819700 1.507400 1341846657.586078 -0.933309 -2.580774 1.580924
1341846657.625300 -0.608100 -2.816900 1.508600 1341846657.622205 -0.915221 -2.620133 1.573784
1341846657.685300 -0.606700 -2.810500 1.511400 1341846657.686517 -0.923776 -2.665301 1.545431
1341846657.725300 -0.605800 -2.806600 1.513300 1341846657.722061 -0.913977 -2.700728 1.532891
1341846657.755300 -0.605400 -2.803300 1.514200 1341846657.754104 -0.900647 -2.738006 1.516627
1341846657.785300 -0.604900 -2.800000 1.515100 1341846657.790066 -0.884175 -2.769820 1.497957
1341846657.825300 -0.603700 -2.796000 1.515600 1341846657.822089 -0.903402 -2.810198 1.486435
1341846657.855300 -0.603500 -2.792800 1.516200 1341846657.853972 -0.905642 -2.863491 1.461816
1341846657.885200 -0.602900 -2.789100 1.516900 1341846657.889993 -0.895374 -2.907437 1.443326
1341846657.925400 -0.602100 -2.785000 1.517400 1341846657.922046 -0.897865 -2.928382 1.432742
1341846657.955300 -0.601800 -2.782100 1.517200 1341846657.954192 -0.909666 -2.914232 1.464956
1341846657.985700 -0.601500 -2.779100 1.516900 1341846657.990141 -0.904927 -2.942070 1.460273
1341846658.695200 -0.630700 -2.751500 1.520600 1341846658.694141 -0.974687 -2.859559 1.479060
1341846661.705200 -0.652600 -2.791500 1.560700 1341846661.710142 -0.927164 -2.792774 1.440108
1341846661.805200 -0.655500 -2.792800 1.563500 1341846661.810103 -0.976212 -2.641041 1.448335
1341846661.875200 -0.656900 -2.794600 1.564000 1341846661.878157 -1.021969 -2.531325 1.446429
1341846661.915200 -0.658100 -2.795100 1.563600 1341846661.910222 -1.043714 -2.487276 1.457098
1341846661.945200 -0.658900 -2.795500 1.563600 1341846661.946090 -1.083592 -2.443687 1.471773
1341846662.015200 -0.661400 -2.797100 1.565500 1341846662.010311 -1.107716 -2.401209 1.516125
1341846662.045200 -0.662300 -2.797500 1.567500 1341846662.046195 -1.129230 -2.360939 1.529984
1341846662.075200 -0.663200 -2.798000 1.568100 1341846662.078099 -1.153246 -2.317376 1.543269
1341846662.116100 -0.664100 -2.799300 1.569600 1341846662.110672 -1.176234 -2.282741 1.555194
1341846662.145300 -0.665000 -2.799200 1.570700 1341846662.146166 -1.193482 -2.245421 1.571564
1341846662.175200 -0.665600 -2.799800 1.571100 1341846662.178168 -1.212757 -2.213273 1.582032
1341846662.215200 -0.666400 -2.801300 1.571600 1341846662.214136 -1.237345 -2.188547 1.595540
1341846662.248700 -0.666800 -2.802000 1.572000 1341846662.246167 -1.247547 -2.163810 1.601208
1341846662.275300 -0.667200 -2.802400 1.572200 1341846662.278007 -1.269215 -2.134250 1.610394
1341846662.315500 -0.667400 -2.803200 1.573000 1341846662.314144 -1.288696 -2.104879 1.618133
1341846662.345200 -0.667700 -2.803700 1.573300 1341846662.346164 -1.310019 -2.077862 1.622249
1341846662.375200 -0.668200 -2.804400 1.573000 1341846662.378069 -1.319477 -2.059155 1.623091
1341846662.415300 -0.668200 -2.805000 1.573700 1341846662.414229 -1.340723 -2.028741 1.624739
1341846662.485200 -0.669000 -2.806300 1.574700 1341846662.482229 -1.224590 -2.192476 1.590235
1341846662.515200 -0.669300 -2.807200 1.574800 1341846662.514117 -1.222696 -2.200020 1.588492
1341846662.545400 -0.669200 -2.807800 1.575700 1341846662.546261 -1.228583 -2.188169 1.591693
1341846662.585300 -0.669100 -2.808300 1.576000 1341846662.582101 -1.242130 -2.177326 1.604639
1341846662.615300 -0.669100 -2.808600 1.576100 1341846662.620264 -1.267157 -2.142256 1.609419
1341846663.625400 -0.665600 -2.793600 1.563800 1341846663.622145 -1.244758 -2.166645 1.618713
1341846663.655300 -0.665300 -2.793000 1.562700 1341846663.654099 -1.243506 -2.177966 1.622474
1341846663.685300 -0.664900 -2.792500 1.561500 1341846663.686099 -1.239979 -2.196402 1.632157
1341846663.725200 -0.664400 -2.791800 1.560000 1341846663.722109 -1.245631 -2.187075 1.627587
1341846663.755400 -0.663900 -2.791600 1.559200 1341846663.755694 -1.241597 -2.201692 1.623957
1341846663.785300 -0.663400 -2.791300 1.557900 1341846663.786304 -1.245337 -2.182014 1.624284
1341846663.825300 -0.662400 -2.791600 1.555100 1341846663.822090 -1.247930 -2.176064 1.627795
1341846663.855200 -0.661900 -2.790600 1.554700 1341846663.854115 -1.237445 -2.207930 1.615314
1341846663.885300 -0.661600 -2.790400 1.553500 1341846663.890140 -1.210016 -2.239580 1.632115
1341846663.925300 -0.661500 -2.789500 1.551800 1341846663.921987 -1.240951 -2.206459 1.676475
1341846664.025300 -0.660400 -2.789400 1.548300 1341846664.022124 -1.234484 -2.220886 1.662057
1341846664.055300 -0.660000 -2.789900 1.547000 1341846664.054171 -1.228343 -2.218719 1.647054
1341846664.095200 -0.659800 -2.789100 1.545800 1341846664.090250 -1.226910 -2.206015 1.621445
1341846664.155200 -0.659500 -2.788800 1.544600 1341846664.158241 -1.235886 -2.201518 1.630553
1341846664.225300 -0.658900 -2.788400 1.542600 1341846664.222189 -1.232236 -2.199866 1.620834
1341846664.655300 -0.653600 -2.790700 1.528300 1341846664.658276 -1.241934 -2.195951 1.604102
1341846665.935300 -0.655300 -2.834000 1.503200 1341846665.934076 -1.222442 -2.174538 1.651947
1341846666.305300 -0.658700 -2.847500 1.498300 1341846666.302195 -1.231243 -2.146286 1.623116
1341846666.565200 -0.660200 -2.856800 1.477400 1341846666.570131 -1.225291 -2.160921 1.710032
1341846666.910400 -0.662700 -2.879300 1.458900 1341846666.906019 -1.227434 -2.141107 1.695702
1341846667.075200 -0.668500 -2.898600 1.451800 1341846667.074153 -1.174441 -2.199360 1.732676
1341846667.135200 -0.671600 -2.905400 1.451100 1341846667.138108 -1.225782 -2.130677 1.684875
1341846667.275200 -0.681200 -2.920800 1.453800 1341846667.274016 -1.234223 -2.079654 1.680547
1341846667.445200 -0.695600 -2.934400 1.465100 1341846667.442109 -1.226180 -2.115364 1.572859
1341846667.545300 -0.703500 -2.937100 1.474400 1341846667.542298 -1.227478 -2.067285 1.539874
1341846667.676400 -0.711600 -2.936800 1.483800 1341846667.674072 -1.186458 -2.089382 1.703219
1341846667.875200 -0.725700 -2.930100 1.493800 1341846667.878139 -1.196807 -2.090563 1.691303
1341846668.075600 -0.741000 -2.920700 1.502900 1341846668.078111 -1.017174 -2.352742 1.617806
1341846668.145500 -0.746000 -2.917700 1.504800 1341846668.146332 -0.947854 -2.459240 1.610806
1341846668.175200 -0.748100 -2.915800 1.506100 1341846668.178208 -0.918625 -2.515591 1.600705
1341846668.215100 -0.750600 -2.914000 1.507500 1341846668.211262 -0.903070 -2.563458 1.599984
1341846668.275200 -0.754600 -2.911900 1.509000 1341846668.278397 -0.907418 -2.573509 1.628804
1341846668.345200 -0.758300 -2.910500 1.509900 1341846668.346231 -0.888613 -2.617512 1.602441
1341846668.445200 -0.762400 -2.908200 1.510000 1341846668.445965 -0.846962 -2.717543 1.592694
1341846668.475200 -0.763300 -2.907800 1.510600 1341846668.478153 -0.839177 -2.739077 1.603764
1341846668.515200 -0.764000 -2.908200 1.511300 1341846668.514213 -0.808781 -2.768835 1.581591
1341846668.585200 -0.765200 -2.908400 1.511000 1341846668.582467 -0.781649 -2.827168 1.586857
1341846668.615200 -0.765500 -2.908700 1.510900 1341846668.614140 -0.783952 -2.841240 1.568259
1341846668.645300 -0.765900 -2.909100 1.510500 1341846668.646312 -0.752621 -2.896046 1.567833
1341846668.685200 -0.765900 -2.909100 1.509200 1341846668.682455 -0.746400 -2.937856 1.569180
1341846668.715200 -0.765900 -2.908900 1.508600 1341846668.714133 -0.732425 -2.950922 1.555393
1341846668.745700 -0.765600 -2.909800 1.507600 1341846668.746132 -0.752276 -2.923248 1.551149
1341846668.785200 -0.764900 -2.910200 1.506200 1341846668.782338 -0.727194 -2.960183 1.549270
1341846668.815200 -0.763900 -2.910500 1.505500 1341846668.814140 -0.737209 -2.938762 1.539997
1341846668.886000 -0.761200 -2.912200 1.505300 1341846668.882442 -0.736518 -2.933034 1.544598
1341846668.915200 -0.760500 -2.913000 1.505000 1341846668.914289 -0.735692 -2.943677 1.535764
1341846668.946000 -0.760000 -2.913700 1.504600 1341846668.950088 -0.738211 -2.960101 1.532145
1341846668.985800 -0.759900 -2.914300 1.503000 1341846668.982227 -0.715350 -2.980752 1.534096
1341846669.015200 -0.759400 -2.913700 1.501700 1341846669.014062 -0.725852 -2.955952 1.541506
1341846669.045200 -0.758700 -2.913400 1.500300 1341846669.050056 -0.733048 -2.968745 1.542661
1341846669.085300 -0.758600 -2.913000 1.498000 1341846669.082525 -0.721833 -2.988283 1.540463
1341846669.115200 -0.757600 -2.912300 1.496500 1341846669.118346 -0.717015 -3.003287 1.549691
1341846669.145200 -0.757200 -2.912200 1.494900 1341846669.150086 -0.725069 -2.999233 1.524422
1341846669.185200 -0.756800 -2.912400 1.492500 1341846669.182477 -0.726458 -3.005587 1.533989
1341846669.255200 -0.754200 -2.913200 1.488600 1341846669.250205 -0.731100 -2.994459 1.518669
1341846669.285200 -0.753100 -2.913800 1.487300 1341846669.286114 -0.729610 -3.005303 1.519027
1341846669.316300 -0.752100 -2.914300 1.486100 1341846669.318030 -0.725907 -3.025172 1.527172
1341846669.345200 -0.751600 -2.914600 1.485000 1341846669.350255 -0.733142 -3.024334 1.514984
1341846669.415200 -0.751200 -2.914900 1.483800 1341846669.418200 -0.721866 -3.029418 1.532832
1341846669.445100 -0.752100 -2.915200 1.482700 1341846669.450219 -0.736349 -3.038802 1.522891
1341846669.485400 -0.752500 -2.915200 1.481600 1341846669.486175 -0.720542 -3.050151 1.520139
1341846669.515200 -0.752600 -2.915700 1.480600 1341846669.518033 -0.722216 -3.041005 1.541503
1341846669.555200 -0.752100 -2.916400 1.479500 1341846669.554159 -0.726094 -3.027637 1.543863
1341846669.585500 -0.751500 -2.917000 1.478000 1341846669.586348 -0.719047 -3.035124 1.536500
1341846669.620100 -0.750900 -2.918100 1.476400 1341846669.617976 -0.728163 -3.024776 1.521696
1341846669.655200 -0.749800 -2.919500 1.475100 1341846669.654096 -0.732052 -3.025518 1.530486
1341846669.715200 -0.748900 -2.920900 1.473100 1341846669.718075 -0.707689 -3.030532 1.535845
1341846669.755200 -0.748300 -2.921500 1.472200 1341846669.754171 -0.712254 -3.031481 1.531628
1341846669.785100 -0.747800 -2.922100 1.471500 1341846669.786139 -0.723555 -3.031506 1.518380
1341846669.855100 -0.746300 -2.922700 1.470000 1341846669.854118 -0.709184 -3.040702 1.518481
1341846669.925400 -0.745200 -2.923900 1.467500 1341846669.922050 -0.719944 -3.025197 1.522565
1341846669.958400 -0.744600 -2.924600 1.466200 1341846669.954047 -0.697762 -3.037557 1.526940
1341846670.025200 -0.742100 -2.925400 1.464100 1341846670.022242 -0.726289 -3.022363 1.520079
1341846670.095200 -0.739700 -2.927600 1.462600 1341846670.090228 -0.689441 -3.049834 1.506934
1341846670.155200 -0.737900 -2.929200 1.461600 1341846670.154057 -0.634418 -3.086071 1.475660
1341846670.185100 -0.737200 -2.930200 1.461500 1341846670.190103 -0.616569 -3.129520 1.466786
1341846670.225200 -0.736700 -2.932300 1.460100 1341846670.222197 -0.597018 -3.151217 1.454246
1341846670.285200 -0.735100 -2.934600 1.460000 1341846670.290254 -0.554053 -3.205484 1.426366
1341846670.355200 -0.733500 -2.938900 1.460700 1341846670.358377 -0.510063 -3.250079 1.442666
1341846670.425300 -0.734600 -2.943800 1.463200 1341846670.422206 -0.473736 -3.353340 1.386507
1341846670.525200 -0.736800 -2.951300 1.467900 1341846670.526271 -0.418077 -3.548596 1.336736
1341846670.565200 -0.737800 -2.953800 1.470200 1341846670.566977 -0.405769 -3.579003 1.320577
1341846670.595200 -0.738300 -2.956100 1.471600 1341846670.596103 -0.396231 -3.605050 1.303376
1341846670.625200 -0.738600 -2.958200 1.472900 1341846670.628412 -0.387014 -3.638465 1.286852
1341846670.665400 -0.740100 -2.961000 1.475400 1341846670.664027 -0.377471 -3.668990 1.269605
1341846670.695200 -0.741300 -2.963400 1.477400 1341846670.696002 -0.374411 -3.699125 1.256982
1341846670.725200 -0.742600 -2.965600 1.479500 1341846670.728093 -0.363604 -3.721736 1.253314
1341846670.765200 -0.743800 -2.969400 1.481300 1341846670.764128 -0.358175 -3.738617 1.249414
1341846670.795600 -0.744500 -2.971800 1.483600 1341846670.796059 -0.355819 -3.752890 1.242639
1341846670.835200 -0.745100 -2.974800 1.486500 1341846670.832246 -0.347910 -3.764567 1.239496
1341846670.865200 -0.744800 -2.977000 1.488800 1341846670.863970 -0.347318 -3.784206 1.231280
1341846670.896000 -0.744400 -2.979000 1.491100 1341846670.896139 -0.348065 -3.810399 1.232596
1341846670.938300 -0.743800 -2.981100 1.495500 1341846670.932028 -0.345491 -3.820823 1.229876
1341846670.965300 -0.744000 -2.982800 1.498200 1341846670.964063 -0.338758 -3.835795 1.221439
1341846671.005100 -0.744600 -2.984500 1.502300 1341846671.000270 -0.335115 -3.853270 1.222498
1341846671.035200 -0.746100 -2.986800 1.504700 1341846671.032112 -0.339007 -3.867642 1.215616
1341846671.065100 -0.747500 -2.988300 1.506500 1341846671.064030 -0.337649 -3.876984 1.213397
1341846671.098200 -0.748600 -2.989800 1.509200 1341846671.101398 -0.339430 -3.888792 1.214455
1341846671.135300 -0.749700 -2.992100 1.512700 1341846671.132289 -0.325581 -3.892737 1.212941
1341846671.165600 -0.750300 -2.993800 1.515000 1341846671.168159 -0.334417 -3.894345 1.207581
1341846671.195100 -0.750500 -2.994800 1.517900 1341846671.200149 -0.321279 -3.907517 1.205978
1341846671.235300 -0.751100 -2.997200 1.521700 1341846671.232280 -0.303747 -3.921141 1.194484
1341846671.265100 -0.751600 -2.998900 1.524200 1341846671.268147 -0.307815 -3.933289 1.200280
1341846671.295100 -0.752300 -3.000700 1.526600 1341846671.300337 -0.277035 -3.940072 1.204388
1341846671.335200 -0.752800 -3.002400 1.530100 1341846671.336125 -0.277818 -3.964816 1.199709
1341846671.365200 -0.753300 -3.003700 1.531800 1341846671.368236 -0.260375 -3.970718 1.206564
1341846671.405200 -0.754400 -3.004700 1.534800 1341846671.400327 -0.264442 -3.976157 1.206380
1341846671.435100 -0.755300 -3.005300 1.536300 1341846671.436064 -0.238240 -3.989660 1.211001
1341846671.465300 -0.756800 -3.006100 1.537300 1341846671.468197 -0.224354 -4.006643 1.234906
1341846671.505100 -0.759300 -3.006300 1.538000 1341846671.504294 -0.197842 -3.993784 1.256807
1341846671.536700 -0.760700 -3.006100 1.539700 1341846671.536197 -0.204318 -4.010858 1.250269
1341846671.565200 -0.762600 -3.006400 1.540500 1341846671.568120 -0.203634 -4.026319 1.256012
1341846671.605200 -0.765400 -3.006500 1.541300 1341846671.604188 -0.175125 -4.019904 1.273998
1341846671.635200 -0.767600 -3.006900 1.542100 1341846671.636057 -0.171025 -4.038002 1.270381
1341846671.675100 -0.770400 -3.007200 1.543100 1341846671.672157 -0.167481 -4.056752 1.285811
1341846671.705200 -0.772200 -3.006800 1.543300 1341846671.704027 -0.148754 -4.066448 1.287821
1341846671.735400 -0.773600 -3.006500 1.543500 1341846671.736479 -0.148890 -4.076481 1.288283
1341846671.775200 -0.775300 -3.006100 1.543600 1341846671.774745 -0.148915 -4.076355 1.295090
1341846671.805200 -0.776300 -3.005700 1.543600 1341846671.804605 -0.139711 -4.085240 1.294665
1341846671.835100 -0.777200 -3.005200 1.543400 1341846671.840252 -0.134476 -4.083565 1.302055
1341846671.875100 -0.777900 -3.004700 1.543400 1341846671.872106 -0.116716 -4.087834 1.308828
1341846671.905100 -0.778300 -3.004200 1.542900 1341846671.904035 -0.125581 -4.090746 1.314486
1341846671.975100 -0.779300 -3.003300 1.542300 1341846671.972239 -0.130578 -4.088430 1.312672
1341846672.035100 -0.780400 -3.003400 1.540800 1341846672.034218 -0.127396 -4.093520 1.304864
1341846672.065200 -0.780600 -3.003200 1.540500 1341846672.066227 -0.120345 -4.086517 1.301267
1341846672.095200 -0.780900 -3.003200 1.540300 1341846672.098024 -0.118462 -4.082793 1.301591
1341846672.135200 -0.781000 -3.002800 1.540300 1341846672.134061 -0.117988 -4.079352 1.292264
1341846672.165100 -0.780500 -3.002500 1.540400 1341846672.166000 -0.115590 -4.080337 1.290153
1341846672.195100 -0.780400 -3.002600 1.540200 1341846672.198405 -0.113868 -4.072673 1.285579
1341846672.235200 -0.780000 -3.002600 1.540400 1341846672.234130 -0.118668 -4.069490 1.279658
1341846672.265100 -0.779900 -3.002400 1.540400 1341846672.266403 -0.113469 -4.075410 1.278167
1341846672.308100 -0.779300 -3.001700 1.540500 1341846672.302710 -0.117399 -4.079110 1.286781
1341846672.335100 -0.778900 -3.001200 1.540100 1341846672.335022 -0.124551 -4.080686 1.276461
1341846672.365100 -0.778500 -3.000800 1.540100 1341846672.366487 -0.124709 -4.086823 1.274500
1341846672.405100 -0.777900 -3.000700 1.540200 1341846672.402478 -0.123401 -4.090880 1.279819
1341846672.435200 -0.777300 -3.000600 1.540300 1341846672.434330 -0.123900 -4.091465 1.278351
1341846672.566400 -0.777100 -2.997900 1.538100 1341846672.570153 -0.114630 -4.094229 1.287689
1341846672.605100 -0.777300 -2.996900 1.537200 1341846672.608881 -0.120223 -4.094255 1.289842
1341846672.645200 -0.777000 -2.995500 1.536100 1341846672.640836 -0.110882 -4.104793 1.296633
1341846672.705100 -0.775200 -2.993900 1.535500 1341846672.708152 -0.119501 -4.106995 1.296323
1341846672.775100 -0.773700 -2.992200 1.534400 1341846672.770288 -0.112911 -4.104033 1.308667
1341846672.805200 -0.773500 -2.991700 1.533700 1341846672.803280 -0.114735 -4.101869 1.302522
1341846672.835100 -0.773100 -2.990400 1.533100 1341846672.838034 -0.120916 -4.097062 1.302782
1341846672.866400 -0.773100 -2.989300 1.532600 1341846672.870092 -0.129466 -4.096886 1.306680
1341846672.935100 -0.772100 -2.986500 1.531200 1341846672.938315 -0.128019 -4.095907 1.304346
1341846672.965200 -0.771500 -2.985000 1.529900 1341846672.970326 -0.124354 -4.088208 1.299356
1341846673.005100 -0.770200 -2.982900 1.529000 1341846673.008221 -0.128048 -4.096666 1.294535
1341846673.075100 -0.766800 -2.979900 1.526700 1341846673.070235 -0.126289 -4.088785 1.294429
1341846673.105200 -0.765600 -2.978800 1.525800 1341846673.106189 -0.130314 -4.088796 1.299755
1341846673.135200 -0.764500 -2.977700 1.524900 1341846673.138104 -0.141552 -4.094426 1.290304
1341846673.175200 -0.763400 -2.976500 1.524600 1341846673.170298 -0.137770 -4.098655 1.291304
1341846673.235100 -0.763500 -2.974500 1.524300 1341846673.238153 -0.145147 -4.098154 1.281156
1341846673.278700 -0.763800 -2.973100 1.524900 1341846673.274220 -0.151189 -4.096929 1.278725
1341846673.305100 -0.764100 -2.972300 1.525800 1341846673.306107 -0.150525 -4.089360 1.277146
1341846673.335200 -0.764600 -2.970700 1.526800 1341846673.338187 -0.154258 -4.092091 1.274875
1341846673.435200 -0.764500 -2.968100 1.527800 1341846673.438267 -0.158960 -4.098554 1.275360
1341846673.475100 -0.764200 -2.967300 1.528400 1341846673.474135 -0.155941 -4.095323 1.272290
1341846673.505100 -0.764500 -2.965700 1.528000 1341846673.506260 -0.157631 -4.099212 1.267440
1341846673.545100 -0.764700 -2.963900 1.527200 1341846673.542168 -0.158549 -4.095092 1.271996
1341846673.575900 -0.765500 -2.962700 1.525800 1341846673.574072 -0.158015 -4.084716 1.271162
1341846673.645100 -0.767600 -2.959200 1.522300 1341846673.648026 -0.152887 -4.097535 1.281263
1341846673.715100 -0.769200 -2.956000 1.517100 1341846673.710162 -0.155766 -4.085748 1.287628
1341846673.745100 -0.769700 -2.954600 1.514600 1341846673.742225 -0.156104 -4.078361 1.285619
1341846673.775300 -0.770100 -2.953200 1.512100 1341846673.774298 -0.154115 -4.068424 1.291751
1341846673.815100 -0.771400 -2.952000 1.509600 1341846673.810154 -0.148126 -4.061550 1.292008
1341846673.845200 -0.772700 -2.951100 1.507400 1341846673.842305 -0.144258 -4.057350 1.291620
1341846673.875200 -0.773700 -2.950400 1.505200 1341846673.874285 -0.140385 -4.059241 1.298295
1341846673.915100 -0.774800 -2.949600 1.503200 1341846673.910253 -0.143574 -4.047821 1.305647
1341846673.945200 -0.775500 -2.949000 1.502800 1341846673.942284 -0.142840 -4.040967 1.311121
1341846674.022400 -0.775600 -2.949500 1.503200 1341846674.016486 -0.145688 -4.025942 1.314589
1341846674.055200 -0.775300 -2.950300 1.503400 1341846674.052060 -0.138624 -4.016114 1.319040
1341846674.085300 -0.775200 -2.950600 1.503400 1341846674.084057 -0.143803 -4.010185 1.319721
1341846674.155200 -0.775100 -2.950600 1.502600 1341846674.152235 -0.130503 -3.998762 1.336756
1341846674.215200 -0.774600 -2.950700 1.500600 1341846674.210322 -0.127865 -3.991365 1.350654
1341846674.245200 -0.774500 -2.950600 1.499400 1341846674.246217 -0.110779 -3.975886 1.353236
1341846674.275200 -0.774300 -2.950300 1.498100 1341846674.278035 -0.116545 -3.968131 1.352981
1341846674.305200 -0.774100 -2.950500 1.496600 1341846674.310117 -0.106342 -3.959462 1.361635
1341846674.345100 -0.773800 -2.950100 1.495100 1341846674.346212 -0.103075 -3.954696 1.359221
1341846674.375200 -0.773400 -2.950300 1.494100 1341846674.378058 -0.097949 -3.942874 1.352811
1341846674.445200 -0.772700 -2.950400 1.491700 1341846674.446125 -0.113656 -3.927044 1.335363
1341846674.475200 -0.772800 -2.950700 1.491000 1341846674.478198 -0.100248 -3.909641 1.335996
1341846674.545200 -0.773400 -2.950900 1.489700 1341846674.546062 -0.073852 -3.894169 1.342799
1341846674.575200 -0.773600 -2.951200 1.489200 1341846674.578094 -0.058948 -3.885348 1.347175
1341846674.615200 -0.773500 -2.951400 1.488400 1341846674.614179 -0.048660 -3.882316 1.354056
1341846674.685100 -0.773600 -2.951600 1.487100 1341846674.682209 -0.043079 -3.883946 1.345336
1341846674.715200 -0.773300 -2.951800 1.486500 1341846674.714186 -0.051769 -3.895505 1.341771
1341846674.755100 -0.773000 -2.951700 1.485600 1341846674.752271 -0.066267 -3.910096 1.329034
1341846674.815200 -0.772300 -2.952000 1.484200 1341846674.814222 -0.055195 -3.928989 1.329643
1341846674.885100 -0.771800 -2.951500 1.482800 1341846674.882158 -0.055898 -3.953879 1.318923
1341846674.945900 -0.771600 -2.950600 1.481000 1341846674.950305 -0.049681 -3.973899 1.316405
1341846674.985200 -0.772300 -2.949200 1.479200 1341846674.982342 -0.058156 -3.987148 1.298407
1341846675.015200 -0.772600 -2.947200 1.477500 1341846675.014137 -0.054207 -4.002737 1.300709
1341846675.055100 -0.773500 -2.945600 1.474100 1341846675.050230 -0.073824 -4.015087 1.288034
1341846675.085300 -0.773900 -2.944400 1.471300 1341846675.088201 -0.077178 -4.027903 1.285534
1341846675.145200 -0.774800 -2.941900 1.465300 1341846675.150188 -0.084237 -4.063089 1.275969
1341846675.185200 -0.775400 -2.940600 1.461500 1341846675.182290 -0.095359 -4.080490 1.242133
1341846675.215200 -0.776200 -2.939200 1.459100 1341846675.218759 -0.099448 -4.095484 1.219145
1341846675.285300 -0.778200 -2.935400 1.453900 1341846675.282406 -0.142698 -4.147889 1.203345
1341846675.315100 -0.778800 -2.933300 1.452000 1341846675.318078 -0.145927 -4.167813 1.204893
1341846675.345200 -0.779900 -2.931700 1.449500 1341846675.350149 -0.150949 -4.195594 1.210915
1341846675.385200 -0.781000 -2.928600 1.446300 1341846675.382271 -0.188933 -4.225913 1.214275
1341846675.455100 -0.782400 -2.923400 1.442500 1341846675.450238 -0.230103 -4.275555 1.194327
1341846675.485200 -0.783100 -2.921100 1.441900 1341846675.486165 -0.260828 -4.307579 1.195504
1341846675.545100 -0.784100 -2.916400 1.442300 1341846675.550092 -0.292980 -4.341758 1.186197
1341846675.585200 -0.785500 -2.913900 1.442200 1341846675.586070 -0.301188 -4.356986 1.178651
1341846675.615200 -0.786300 -2.911900 1.442600 1341846675.618075 -0.324109 -4.370765 1.174024
1341846675.646100 -0.787500 -2.910000 1.443400 1341846675.650024 -0.337704 -4.384981 1.166518
1341846675.715200 -0.789900 -2.906100 1.444700 1341846675.718055 -0.368911 -4.411738 1.152024
1341846675.755200 -0.790200 -2.905300 1.445400 1341846675.754170 -0.383712 -4.428041 1.146482
1341846675.785100 -0.789600 -2.905100 1.445300 1341846675.786330 -0.394123 -4.444920 1.135693
1341846675.815200 -0.788100 -2.906000 1.445400 1341846675.818106 -0.406754 -4.459133 1.131025
1341846675.855100 -0.785200 -2.908400 1.445700 1341846675.854095 -0.416157 -4.483359 1.119541
1341846675.885200 -0.782300 -2.910700 1.446500 1341846675.886163 -0.427879 -4.504588 1.114946
1341846675.925300 -0.777000 -2.915300 1.449100 1341846675.922346 -0.434055 -4.526692 1.107932
1341846675.965200 -0.771200 -2.920900 1.452500 1341846675.961651 -0.447670 -4.550363 1.092398
1341846676.025100 -0.760500 -2.930100 1.458500 1341846676.028080 -0.460247 -4.574708 1.089986
1341846676.125200 -0.740400 -2.946400 1.461900 1341846676.122163 -0.478060 -4.644238 1.029610
1341846676.155100 -0.733600 -2.951100 1.461700 1341846676.154447 -0.487263 -4.676217 1.025854
1341846676.195100 -0.723600 -2.957300 1.460700 1341846676.190230 -0.498895 -4.717624 1.017051
1341846676.227500 -0.715800 -2.962000 1.459600 1341846676.222476 -0.511834 -4.773575 1.003831
1341846676.255100 -0.707400 -2.966700 1.458300 1341846676.257017 -0.537530 -4.805162 0.985544